0
1
10
1000
1001
1003
1004
1005
1006
1008
1009
101
1010
1011
1012
1013
1014
1015
1016
1017
1018
102
1020
1021
1022
1024
1025
1026
1027
1028
1029
1030
1031
1032
1033
1034
1035
1036
1038
1039
104
1040
1041
1042
1043
1044
1045
1046
1047
1048
1049
105
1051
1052
1054
1056
1057
1058
1059
106
1060
1061
1062
1063
1064
1065
1066
1067
1068
107
1070
1071
1072
1073
1075
1076
1077
1079
1080
1081
1082
1083
1084
1085
1086
1088
1089
109
1090
1091
1092
1093
1094
1095
1096
1097
1098
11
110
1100
1101
1102
1103
1104
1105
1106
1107
1108
1109
111
1110
1112
1113
1114
1115
1116
1117
1118
1119
112
1120
1121
1122
1123
1124
1125
1126
1127
1129
113
1130
1131
1132
1133
1134
1135
1136
1137
1138
1139
114
1140
1141
1142
1143
1144
1145
1146
1147
1148
1149
115
1150
1151
1153
1154
1155
1156
1157
1158
1159
116
1160
1161
1162
1163
1164
1165
1166
1168
1169
117
1170
1171
1172
1173
1174
1175
1176
1177
1179
118
1180
1181
1182
1183
1184
1185
1188
1189
119
1190
1191
1192
1193
1194
1195
1196
1197
1198
1199
12
120
1200
1201
1202
1203
1205
1208
1209
121
1210
1211
1213
1214
1215
1216
1217
1218
1219
122
1220
1221
1222
1223
1225
1226
1227
1228
1229
123
1230
1231
1232
1233
1234
1235
1236
1237
1238
1239
124
1240
1241
1242
1243
1244
1246
1247
1248
1249
125
1250
1251
1252
1255
1256
1257
1258
1259
126
1260
1261
1262
1263
1264
1265
1267
1268
1269
1271
1272
1273
1274
1275
1276
1277
1278
1279
128
1280
1281
1282
1283
1284
1285
1286
1287
1288
1289
129
1290
1292
1293
1294
1295
1296
1297
1298
1299
13
130
1300
1301
1302
1303
1304
1305
1306
1307
1308
1309
131
1310
1311
1313
1314
1315
1316
1317
1318
1319
132
1320
1321
1322
1323
1324
1325
1326
1327
1328
1329
133
1330
1331
1332
1333
1335
1336
1337
1338
1339
134
1340
1341
1342
1343
1344
1345
1346
1347
1348
1349
135
1350
1351
1352
1353
1354
1355
1356
1357
1358
1359
1360
1361
1362
1363
1364
1365
1366
1367
1368
1369
137
1370
1371
1372
1373
1374
1375
1376
1377
1379
138
1380
1381
1382
1384
1385
1386
1387
1388
1389
139
1390
1391
1392
1393
1394
1395
1396
1397
1398
1399
14
140
1401
1402
1403
1404
1405
1406
1407
1408
1409
141
1410
1411
1412
1413
1414
1415
1416
1417
1418
1419
142
1420
1421
1422
1423
1424
1425
1426
1428
1429
143
1430
1431
1432
1433
1434
1435
1436
1437
1438
144
1440
1441
1442
1443
1444
1445
1446
1447
1448
145
1450
1451
1453
1454
1455
1456
1457
1458
1459
146
1460
1461
1463
1464
1465
1466
1467
1469
147
1470
1471
1472
1473
1474
1475
1476
1477
1478
1479
148
1480
1481
1482
1483
1484
1485
1486
1487
1488
1489
1490
1491
1493
1494
1495
1497
1498
1499
15
150
1500
1501
1502
1503
1504
1505
1506
1507
1509
151
1510
1511
1512
1513
1514
1515
1516
1517
1518
1519
152
1521
1522
1523
1524
1525
1526
1528
1529
153
1530
1531
1532
1533
1534
1535
1536
1537
1538
1539
154
1540
1541
1542
1543
1544
1546
1547
1548
1549
155
1550
1551
1552
1554
156
1560
1561
1562
1563
1564
1565
1566
1567
1568
1569
157
1570
1571
1572
1573
1575
1577
1578
1579
158
1580
1581
1582
1583
1585
1587
1588
1589
159
1590
1591
1593
1594
1595
1596
1597
1599
16
160
1600
1601
1602
1603
1604
1605
1606
1607
1608
1609
161
1610
1611
1612
1613
1614
1615
1616
1617
1618
1619
1620
1621
1622
1623
1624
1625
1626
1627
1628
1629
163
1631
1632
1633
1634
1635
1636
1637
1638
1639
164
1641
1642
1643
1644
1645
1646
1647
1648
1649
165
1650
1651
1652
1653
1654
1655
1656
1657
1658
1659
166
1660
1661
1662
1663
1664
1665
1666
1668
1669
167
1670
1671
1672
1673
1674
1676
1677
1679
168
1680
1681
1682
1683
1684
1685
1686
1687
1688
1689
1690
1691
1692
1693
1694
1695
1696
1697
1698
1699
17
170
1700
1701
1702
1703
1704
1705
1706
1707
1708
171
1710
1711
1712
1715
1716
1717
1718
1719
172
1720
1721
1722
1723
1724
1725
1726
1727
1728
1729
173
1730
1731
1732
1733
1734
1735
1736
1737
1738
1739
174
1740
1741
1742
1743
1744
1745
1746
1747
1748
1749
175
1750
1751
1753
1754
1755
1756
1757
1758
1759
176
1760
1761
1762
1763
1764
1765
1766
1767
1768
1769
1770
1771
1773
1774
1775
1776
1777
1779
178
1780
1781
1782
1783
1784
1785
1786
1787
1788
1789
179
1790
1791
1792
1793
1794
1795
1796
1797
1798
1799
180
1800
1801
1802
1803
1804
1805
1807
1808
1809
181
1810
1811
1813
1814
1815
1816
1817
1818
1819
182
1820
1821
1822
1824
1825
1826
1827
1828
183
1831
1832
1833
1834
1835
1837
1838
1839
184
1840
1842
1843
1844
1845
1846
1848
1849
185
1851
1853
1855
1856
1857
1858
186
1860
1861
1862
1863
1864
1866
1867
1868
1869
187
1870
1871
1872
1873
1874
1875
1876
1877
1878
1879
188
1880
1881
1883
1884
1885
1886
1887
1888
1889
189
1890
1891
1892
1893
1894
1895
1896
1897
1899
19
190
1900
1901
1903
1904
1906
1907
1908
1909
191
1910
1911
1912
1913
1914
1917
1918
1919
192
1921
1922
1923
1924
1925
1926
1927
1928
1929
193
1930
1931
1932
1933
1934
1935
1937
1938
1939
194
1940
1941
1942
1943
1944
1945
1946
1948
1949
195
1950
1951
1952
1954
1955
1956
1957
1959
196
1960
1961
1963
1964
1966
1967
1969
1970
1971
1973
1974
1975
1976
1977
1978
1979
198
1980
1981
1982
1984
1986
1987
1988
1989
199
1990
1991
1992
1993
1994
1995
1996
1997
1998
1999
2
20
200
2001
2002
2003
2004
2005
2007
2008
201
2010
2011
2012
2013
2015
2016
2017
2018
202
2020
2021
2022
2023
2025
2026
2027
2028
2029
2030
2031
2033
2034
2035
2036
2037
2038
2039
204
2040
2042
2043
2044
2045
2046
2047
2048
2049
205
2050
2052
2053
2054
2055
2056
2057
2058
2059
206
2060
2061
2062
2063
2064
2065
2066
2067
2068
207
2070
2071
2072
2073
2074
2075
2076
2077
2078
2079
208
2080
2083
2084
2085
2086
2087
2089
209
2090
2091
2092
2093
2094
2095
2097
2098
2099
21
2100
2101
2102
2103
2104
2105
2106
2107
2109
211
2110
2111
2112
2113
2114
2115
2116
2117
2119
212
2120
2121
2122
2123
2124
2125
2126
2127
2128
2129
213
2130
2132
2133
2134
2135
2136
2137
2138
2139
214
2141
2142
2143
2145
2146
2147
2148
2149
215
2150
2151
2152
2153
2154
2155
2156
2157
2158
2159
216
2161
2162
2163
2164
2165
2166
2167
2168
2169
217
2170
2171
2172
2173
2174
2175
2177
2179
218
2180
2182
2183
2184
2185
2186
2187
2189
219
2190
2191
2192
2193
2194
2195
2196
2198
2199
22
220
2200
2201
2202
2204
2205
2206
2207
2208
2209
221
2211
2212
2213
2214
2215
2216
2217
2218
2219
222
2220
2221
2222
2223
2224
2225
2226
2228
2229
223
2230
2231
2232
2234
2235
2237
2238
224
2241
2242
2243
2244
2245
2246
2247
2248
2249
225
2250
2251
2252
2253
2254
2255
2256
2257
2258
2259
226
2260
2261
2262
2263
2264
2265
2266
2267
2268
2269
2270
2272
2273
2274
2275
2276
2278
2279
228
2280
2281
2282
2283
2284
2285
2286
2287
2288
2289
229
2290
2291
2292
2293
2294
2295
2296
2297
2298
2299
23
230
2300
2301
2302
2303
2304
2305
2306
2307
2308
2309
231
2310
2312
2313
2314
2315
2316
2317
2318
2319
232
2320
2321
2322
2323
2324
2325
2326
2327
2328
2329
233
2330
2331
2332
2333
2334
2335
2336
2338
2339
234
2340
2341
2342
2343
2344
2345
2347
2348
2349
235
2350
2352
2353
2354
2355
2356
2357
2358
2359
236
2361
2362
2363
2364
2365
2366
2367
2368
2369
237
2370
2371
2372
2373
2374
2375
2376
2377
2378
2379
238
2380
2381
2382
2383
2384
2385
2386
2387
2388
2389
239
2390
2391
2392
2394
2395
2396
2397
2398
2399
24
240
2400
2401
2402
2403
2404
2405
2406
2407
2408
2409
241
2410
2411
2412
2414
2415
2416
2417
2418
2419
2420
2421
2422
2423
2424
2425
2426
2427
2428
2429
2430
2431
2432
2433
2434
2435
2436
2437
2438
2439
244
2440
2441
2442
2443
2444
2445
2446
2448
2449
245
2450
2451
2452
2453
2454
2455
2456
2458
2459
246
2460
2461
2462
2464
2465
2466
2467
2468
2469
247
2470
2471
2473
2474
2475
2476
2477
2478
2479
248
2480
2482
2483
2484
2485
2487
2488
2489
249
2490
2491
2492
2493
2495
2496
2499
25
250
2500
2501
2502
2503
2505
2506
2507
2508
2509
251
2510
2511
2512
2513
2514
2516
2517
2518
2519
252
2520
2521
2522
2523
2524
2525
2526
2527
2528
2529
253
2530
2531
2532
2533
2534
2535
2536
2537
2538
2539
254
2540
2541
2542
2543
2544
2545
2546
2548
2549
255
2551
2552
2553
2554
2555
2557
2558
2559
256
2560
2561
2563
2564
2565
2566
2567
2568
2569
257
2570
2571
2572
2573
2574
2575
2576
2577
2578
258
2580
2581
2582
2583
2584
2585
2586
2587
2588
2589
259
2590
2591
2592
2593
2594
2595
2596
2598
2599
26
260
2600
2601
2602
2603
2604
2605
2606
2607
2608
2609
261
2610
2611
2612
2613
2614
2616
2617
2618
2619
262
2621
2624
2626
2627
2628
2629
263
2630
2631
2632
2633
2634
2635
2636
2638
2639
264
2640
2641
2642
2643
2644
2645
2646
2647
2648
2649
265
2650
2651
2652
2653
2654
2655
2656
2658
2659
266
2660
2661
2662
2663
2664
2665
2667
2668
2669
267
2670
2672
2673
2674
2675
2676
2677
2678
2679
2680
2681
2682
2683
2684
2685
2686
2687
2688
2689
269
2690
2691
2692
2693
2694
2696
2697
2698
2699
270
2700
2701
2702
2703
2705
2706
2707
2708
2709
271
2710
2711
2712
2713
2715
2716
2717
2718
2719
272
2720
2721
2722
2723
2724
2725
2726
2727
2728
2729
273
2730
2731
2732
2733
2734
2735
2737
2738
2739
274
2740
2741
2742
2743
2744
2745
2746
2747
2748
2749
275
2751
2752
2753
2754
2755
2756
2757
2758
2759
276
2760
2761
2762
2763
2764
2765
2766
2767
2769
277
2771
2772
2774
2775
2776
2777
2778
2779
278
2780
2782
2783
2784
2785
2786
2787
2788
2789
279
2790
2791
2793
2794
2795
2796
2798
2799
28
280
2801
2802
2803
2804
2805
2806
2807
2808
2809
281
2810
2812
2813
2814
2815
2817
2818
2819
282
2820
2821
2823
2824
2825
2826
2827
2828
2829
283
2830
2831
2833
2834
2835
2836
2838
2839
284
2840
2841
2843
2844
2845
2846
2847
2848
285
2850
2851
2852
2853
2854
2855
2856
2857
2858
2859
286
2860
2861
2862
2863
2865
2866
2867
2868
2869
287
2870
2871
2872
2873
2874
2876
2877
2878
2879
288
2880
2881
2882
2883
2884
2885
2886
2887
2888
2889
2890
2892
2893
2894
2896
2897
2898
2899
29
290
2900
2901
2902
2903
2904
2905
2906
2907
2908
291
2910
2911
2912
2914
2915
2916
2917
2918
2919
292
2920
2921
2922
2923
2924
2925
2926
2927
2928
2929
293
2931
2932
2933
2934
2935
2937
2938
2939
294
2940
2941
2942
2943
2944
2945
2946
2947
2949
295
2950
2951
2952
2953
2954
2955
2956
2957
2958
2959
296
2960
2961
2962
2964
2965
2966
2967
2968
2969
297
2970
2971
2972
2973
2974
2975
2978
2979
298
2980
2981
2982
2983
2984
2985
2987
2989
299
2990
2991
2992
2993
2994
2995
2996
2997
2998
2999
3
30
300
3000
3001
3003
3004
3005
3006
3007
3008
3009
3010
3011
3012
3013
3014
3015
3016
3017
3018
302
3020
3021
3023
3024
3025
3026
3027
3028
3029
303
3030
3031
3032
3033
3034
3035
3036
3037
3039
304
3040
3041
3042
3044
3045
3046
3047
3048
305
3050
3051
3052
3053
3054
3056
3057
3058
3059
306
3060
3061
3062
3063
3064
3065
3066
3067
3068
3069
307
3071
3072
3073
3074
3075
3077
3078
3079
308
3080
3081
3083
3084
3085
3086
3088
3089
309
3091
3092
3093
3094
3095
3097
3098
3099
31
310
3100
3101
3102
3103
3104
3106
3107
3108
3109
311
3110
3111
3112
3113
3114
3115
3116
3117
3118
3119
312
3120
3121
3122
3123
3124
3125
3126
3127
3128
3129
313
3130
3131
3132
3133
3134
3135
3136
3137
3138
3139
314
3140
3141
3143
3144
3145
3146
3147
3148
3149
315
3150
3151
3152
3153
3154
3156
3157
3158
3159
316
3160
3161
3162
3163
3164
3165
3166
3167
3168
317
3170
3171
3172
3173
3174
3175
3176
3179
318
3180
3181
3182
3184
3185
3186
3187
3188
3189
319
3190
3191
3192
3193
3194
3195
3197
3198
3199
32
320
3200
3201
3202
3203
3204
3205
3206
3207
3208
3209
321
3210
3211
3212
3213
3214
3215
3217
3218
3219
322
3220
3221
3222
3223
3224
3225
3226
3227
3228
3229
323
3230
3231
3232
3233
3235
3236
3237
3238
3239
324
3240
3241
3242
3243
3244
3246
3247
3248
3249
325
3250
3251
3252
3253
3254
3256
3257
3259
326
3260
3261
3262
3263
3264
3265
3266
3267
3268
3269
3271
3272
3273
3274
3276
3277
3278
3279
328
3280
3281
3282
3283
3284
3286
3287
3288
3289
329
3290
3291
3293
3294
3295
3296
3297
3298
3299
33
330
3300
3301
3302
3303
3304
3305
3306
3307
3308
331
3310
3311
3312
3313
3314
3315
3316
3317
3318
3319
332
3320
3321
3322
3323
3324
3325
3326
3327
3328
3329
3330
3331
3332
3333
3334
3335
3336
3337
3338
334
3340
3341
3342
3343
3344
3345
3347
3348
3349
335
3350
3351
3352
3353
3354
3355
3356
3358
3359
336
3360
3362
3363
3365
3366
3367
3368
3369
337
3370
3371
3372
3373
3374
3375
3376
3377
3378
3379
338
3380
3382
3383
3384
3385
3386
3387
3388
3389
3390
3391
3392
3393
3394
3395
3397
3398
3399
34
340
3400
3401
3402
3403
3404
3405
3406
3407
3408
341
3410
3411
3412
3413
3414
3415
3416
3417
3418
3419
342
3420
3421
3422
3423
3425
3426
3428
3429
343
3431
3434
3436
3437
3438
3439
344
3440
3441
3442
3443
3444
3445
3446
3447
3448
3449
345
3450
3451
3452
3453
3454
3456
3457
3458
346
3460
3461
3462
3463
3464
3465
3467
3468
3469
347
3470
3471
3472
3473
3474
3475
3476
3477
3478
3479
348
3480
3481
3483
3484
3485
3486
3487
3488
3489
349
3490
3491
3492
3493
3494
3495
3496
3497
3498
3499
35
350
3500
3501
3502
3503
3504
3507
3509
351
3510
3511
3512
3513
3514
3515
3517
3518
352
3520
3521
3522
3523
3524
3525
3526
3527
3529
353
3530
3531
3532
3533
3534
3535
3536
3537
3538
3539
354
3540
3541
3542
3543
3544
3547
3548
355
3550
3551
3552
3553
3554
3555
3556
3557
3558
3559
356
3560
3561
3562
3563
3564
3565
3566
3567
3568
3570
3572
3573
3574
3575
3576
3577
3578
3579
358
3580
3581
3582
3583
3584
3585
3586
3587
3588
3589
359
3590
3591
3592
3593
3594
3595
3596
3597
3598
3599
36
360
3600
3601
3602
3603
3604
3605
3606
3607
3608
3609
361
3610
3611
3612
3613
3614
3615
3617
3618
3619
362
3620
3621
3622
3623
3624
3625
3627
3628
3629
363
3630
3631
3632
3634
3635
3636
3638
3639
3640
3641
3642
3643
3645
3646
3647
3649
365
3650
3651
3652
3653
3654
3656
3657
3658
3659
366
3660
3661
3662
3664
3665
3666
3667
3669
3670
3671
3672
3673
3674
3676
3678
3679
368
3680
3681
3682
3683
3684
3686
3687
3688
3689
369
3690
3691
3693
3694
3695
3696
3697
3698
3699
37
370
3700
3701
3702
3703
3704
3705
3706
3707
3708
3709
371
3710
3711
3712
3713
3714
3715
3716
3717
3718
3719
372
3720
3721
3722
3723
3725
3726
3727
3728
373
3730
3731
3732
3734
3735
3736
3737
3738
3739
374
3741
3742
3743
3744
3745
3746
3747
3748
375
3750
3751
3752
3754
3755
3756
3757
3758
3759
376
3760
3761
3762
3763
3764
3765
3766
3767
3768
3769
377
3770
3771
3772
3773
3774
3775
3776
3777
3778
3779
378
3780
3781
3782
3783
3784
3785
3786
3787
3789
379
3790
3792
3793
3794
3795
3796
3797
3798
3799
38
380
3800
3801
3803
3804
3805
3806
3807
3808
3809
381
3810
3811
3812
3814
3815
3816
3818
3819
382
3820
3822
3823
3824
3825
3826
3827
3828
3829
383
3830
3831
3832
3833
3834
3836
3837
3838
3839
384
3840
3841
3842
3843
3844
3845
3846
3847
3848
3849
385
3850
3852
3853
3855
3856
3857
3858
3859
386
3860
3861
3862
3863
3864
3865
3866
3867
3868
3869
387
3870
3871
3872
3873
3874
3875
3876
3877
3878
388
3880
3881
3884
3885
3886
3887
3888
3889
389
3890
3891
3892
3893
3894
3896
3897
3898
3899
39
390
3901
3903
3904
3905
3906
3907
3908
3909
3910
3911
3913
3914
3915
3916
3917
3918
3919
392
3920
3921
3922
3923
3924
3925
3927
3928
3929
3930
3931
3932
3933
3934
3935
3936
3937
3938
3939
394
3940
3941
3942
3943
3944
3945
3949
395
3950
3951
3952
3953
3954
3955
3956
3957
396
3960
3961
3962
3964
3965
3966
3967
3968
3969
397
3970
3971
3972
3973
3974
3975
3976
3978
3979
398
3980
3981
3982
3983
3984
3985
3986
3987
3988
3989
399
3990
3991
3992
3993
3994
3995
3996
3997
3998
3999
4
40
400
4000
4001
4002
4004
4005
4007
4008
401
4010
4011
4012
4013
4015
4016
4017
4018
4019
402
4020
4021
4022
4023
4024
4025
4026
4027
4028
4029
403
4030
4031
4032
4033
4034
4035
4037
4038
4039
404
4040
4041
4042
4043
4044
4045
4046
4047
4048
4049
405
4050
4051
4052
4053
4054
4055
4056
4057
4058
4060
4061
4062
4063
4064
4065
4066
4067
4068
4069
407
4070
4071
4072
4073
4074
4075
4076
4077
4078
4079
408
4080
4082
4083
4084
4085
4086
4087
4088
4089
409
4090
4091
4092
4093
4094
4095
4096
4097
4098
4099
41
410
4100
4101
4102
4103
4104
4106
4107
4108
4109
411
4111
4112
4113
4114
4115
4116
4118
4119
412
4120
4121
4122
4123
4125
4126
4127
4128
4129
413
4130
4131
4132
4133
4134
4135
4136
4137
4138
4139
414
4140
4141
4142
4143
4144
4145
4146
4148
4149
415
4150
4151
4152
4153
4154
4155
4156
4157
4158
4159
416
4161
4162
4163
4164
4165
4166
4167
4169
417
4170
4171
4172
4173
4177
4178
4179
418
4180
4181
4182
4183
4184
4185
4186
4187
4188
419
4190
4191
4192
4193
4194
4195
4196
4197
4198
4199
42
420
4200
4201
4202
4203
4204
4205
4206
4207
4208
4209
421
4211
4212
4213
4214
4215
4216
4217
4218
4219
422
4220
4221
4222
4223
4225
4227
4228
4229
423
4230
4232
4233
4234
4235
4236
4237
4238
4239
424
4240
4241
4242
4243
4244
4245
4247
4248
4249
425
4250
4251
4253
4254
4255
4256
4257
4258
4259
426
4260
4261
4262
4263
4264
4266
4267
4268
4269
4270
4271
4273
4274
4275
4276
4277
4278
428
4280
4281
4282
4284
4285
4286
4287
4288
4289
429
4290
4291
4292
4293
4294
4295
4296
4297
4298
4299
43
430
4300
4301
4302
4303
4305
4306
4307
4308
4309
431
4312
4313
4314
4316
4317
4318
4319
432
4320
4321
4322
4323
4324
4325
4326
4327
4328
4329
433
4330
4331
4332
4333
4334
4335
4336
4337
4338
434
4340
4341
4342
4343
4344
4345
4346
4347
4348
4349
435
4350
4351
4352
4353
4354
4355
4356
4357
4358
4359
4360
4361
4362
4363
4364
4365
4366
4367
4369
437
4370
4371
4372
4375
4376
4377
4378
4379
438
4380
4381
4382
4383
4384
4385
4386
4387
4388
4389
4390
4391
4392
4393
4394
4395
4397
4399
44
440
4400
4401
4402
4403
4405
4406
4407
4408
4409
441
4410
4411
4412
4413
4414
4415
4416
4418
442
4420
4421
4422
4423
4424
4427
4428
443
4430
4431
4432
4433
444
4440
4441
4442
4443
4444
4445
4446
4447
4448
4449
445
4450
4451
4453
4454
4455
4456
4457
4458
4459
446
4460
4461
4462
4463
4464
4465
4466
4467
4468
4469
447
4470
4471
4472
4473
4475
4476
4477
4478
4479
448
4481
4482
4483
4484
4485
4486
4488
4489
449
4491
4492
4493
4494
4495
4496
4497
4498
4499
45
450
4500
4501
4502
4503
4504
4506
4508
4509
451
4510
4511
4512
4513
4514
4515
4517
4518
4519
452
4521
4522
4523
4524
4525
4526
4527
4528
4529
4530
4532
4534
4536
4537
4538
4539
454
4540
4541
4542
4543
4544
4545
4546
4547
4548
4549
4550
4552
4554
4555
4556
4557
4558
4559
456
4560
4561
4562
4563
4564
4565
4566
4567
4568
4569
457
4570
4571
4572
4573
4574
4575
4576
4577
4579
4580
4581
4582
4583
4584
4585
4586
4587
4589
459
4590
4591
4592
4593
4594
4595
4596
4597
4598
4599
46
460
4600
4602
4604
4606
4607
4608
4609
461
4610
4611
4612
4613
4614
4616
4617
4618
4619
462
4621
4623
4624
4625
4626
4627
4628
4629
463
4630
4632
4633
4634
4635
4636
4637
4638
4639
464
4640
4641
4642
4643
4644
4645
4646
4647
4648
4649
465
4650
4651
4652
4653
4654
4656
4657
4658
466
4660
4661
4662
4663
4664
4665
4666
4667
4668
4669
467
4670
4671
4672
4673
4674
4676
4677
4678
4679
468
4680
4682
4683
4684
4685
4686
4687
4688
4689
469
4690
4691
4692
4693
4694
4695
4696
4697
4698
4699
47
470
4700
4702
4703
4704
4705
4706
4707
4708
4709
471
4710
4711
4712
4713
4714
4715
4716
4717
4718
4719
472
4720
4721
4722
4723
4724
4725
4726
4727
4728
4729
473
4730
4731
4732
4734
4735
4736
4737
4738
4739
474
4740
4741
4742
4743
4744
4745
4746
4747
4748
4749
475
4750
4751
4752
4753
4754
4755
4757
4758
4759
4760
4761
4762
4763
4764
4765
4766
4767
4769
477
4770
4771
4772
4774
4775
4776
4777
4778
4779
478
4780
4781
4783
4784
4785
4786
4787
4788
4789
479
4790
4792
4793
4794
4796
4797
4798
4799
48
480
4800
4801
4802
4804
4805
4806
4807
4808
4809
481
4810
4811
4812
4813
4814
4817
4818
4819
482
4820
4821
4823
4824
4825
4826
4827
4828
4829
483
4830
4831
4832
4833
4834
4835
4836
4837
4838
4839
484
4840
4841
4842
4843
4845
4846
4847
4848
4849
485
4850
4851
4852
4853
4854
4855
4856
4857
4859
486
4861
4863
4864
4865
4866
4867
4868
4869
487
4870
4871
4872
4873
4874
4875
4876
4877
4878
4879
488
4880
4881
4882
4883
4885
4886
4887
4888
4889
489
4890
4891
4892
4893
4894
4896
4897
4899
49
490
4900
4901
4902
4903
4904
4905
4906
4907
4908
4909
491
4910
4911
4912
4913
4914
4915
4916
4918
4919
492
4921
4922
4923
4924
4925
4926
4927
4928
4929
493
4930
4931
4933
4934
4935
4936
4937
4938
4939
494
4940
4941
4942
4943
4945
4946
4947
4948
4949
495
4950
4951
4952
4953
4954
4955
4957
4958
4959
496
4960
4961
4962
4963
4964
4966
4967
4968
497
4970
4971
4972
4973
4974
4975
4976
4977
4978
4979
498
4980
4981
4983
4984
4985
4986
4989
499
4990
4991
4992
4993
4994
4995
4996
4997
4998
4999
5
50
500
5000
5001
5002
5003
5004
5005
5006
5007
5008
5009
501
5010
5012
5014
5015
5016
5018
5019
502
5020
5021
5022
5023
5024
5025
5026
5027
5028
5029
503
5030
5031
5032
5033
5034
5035
5036
5037
5038
5039
504
5040
5041
5042
5043
5044
5045
5047
5048
5049
505
5050
5051
5052
5053
5054
5055
5056
5057
5058
5059
506
5060
5062
5063
5064
5065
5066
5067
5068
5069
507
5071
5072
5073
5074
5075
5076
5077
5078
5079
508
5080
5081
5082
5084
5085
5087
5088
5089
5090
5091
5092
5093
5094
5095
5096
5097
5098
5099
51
510
5100
5101
5102
5103
5104
5105
5106
5107
511
5111
5113
5115
5116
5117
5118
5119
512
5120
5121
5122
5123
5124
5125
5126
5127
5128
5129
513
5130
5131
5132
5133
5134
5135
5137
5138
5139
514
5140
5141
5142
5143
5144
5145
5147
5148
5149
515
5150
5151
5152
5154
5155
5156
5157
5158
5159
516
5160
5161
5162
5164
5165
5166
5167
5168
5169
517
5170
5171
5172
5173
5174
5175
5176
5177
5179
518
5180
5181
5182
5183
5184
5185
5186
5187
5189
519
5190
5191
5192
5193
5194
5195
5196
5197
5198
5199
52
520
5200
5202
5203
5204
5205
5206
5207
521
5210
5211
5212
5213
5214
5216
5217
5219
522
5220
5221
5222
5223
5224
5225
5226
5227
5228
5229
523
5232
5233
5234
5235
5236
5237
5238
5239
524
5240
5241
5242
5243
5245
5246
5247
5248
5249
525
5250
5252
5255
5256
5257
5258
5259
526
5261
5262
5263
5264
5266
5267
5268
5269
527
5270
5271
5272
5273
5274
5275
5276
5278
5279
528
5280
5282
5283
5284
5285
5286
5287
5288
529
5290
5291
5292
5293
5295
5296
5297
5298
5299
53
530
5300
5301
5302
5303
5304
5307
5308
5309
531
5310
5311
5312
5313
5314
5315
5316
5317
5318
5319
532
5320
5321
5322
5323
5324
5325
5327
5328
5329
533
5330
5331
5332
5333
5334
5335
5336
5337
5338
5339
534
5341
5342
5343
5344
5345
5347
5348
5349
535
5350
5351
5352
5353
5354
5355
5356
5357
5358
5359
536
5360
5361
5362
5365
5366
5367
5368
5369
537
5370
5371
5372
5373
5374
5375
5376
5377
5378
5379
538
5380
5382
5384
5385
5386
5387
5388
5389
539
5390
5391
5392
5393
5394
5395
5396
5397
5398
5399
54
540
5400
5402
5403
5404
5405
5406
5407
5408
5409
541
5410
5411
5412
5413
5414
5415
5416
5417
5418
5419
5420
5422
5424
5425
5427
5428
5429
543
5430
5431
5432
5433
5434
5435
5436
5437
5438
5439
5440
5441
5442
5444
5445
5446
5447
5448
5449
545
5450
5451
5452
5453
5454
5455
5457
5458
5459
546
5460
5461
5463
5464
5465
5466
5467
5468
5469
547
5471
5472
5473
5474
5475
5476
5477
5479
548
5480
5481
5482
5483
5485
5486
5487
5488
5489
5490
5491
5492
5493
5494
5496
5498
5499
55
550
5500
5501
5502
5504
5505
5506
5507
5509
551
5510
5511
5512
5513
5514
5515
5516
5517
5518
5519
552
5520
5521
5522
5523
5524
5526
5527
5528
5529
5530
5531
5532
5534
5535
5536
5537
5538
5539
554
5540
5541
5543
5545
5546
5547
5548
5549
555
5550
5551
5552
5553
5554
5555
5556
5557
5559
556
5560
5562
5563
5564
5565
5566
5567
5569
5570
5571
5572
5573
5575
5576
5577
5578
5579
558
5580
5581
5582
5583
5584
5585
5586
5587
5588
559
5590
5591
5592
5593
5594
5595
5596
5597
5598
5599
56
560
5600
5601
5603
5604
5605
5606
5608
5609
561
5610
5611
5612
5613
5614
5615
5616
5617
5618
5619
562
5620
5621
5622
5623
5624
5625
5626
5627
5628
5629
563
5630
5631
5632
5633
5636
5637
5638
5639
564
5640
5641
5642
5643
5644
5646
5647
5648
5649
565
5650
5651
5652
5653
5655
5656
5657
5658
5659
566
5660
5661
5662
5663
5664
5665
5666
5667
5668
5669
567
5670
5671
5672
5674
5675
5676
5677
5678
568
5680
5681
5682
5684
5685
5687
5688
5689
5690
5691
5692
5693
5694
5695
5696
5697
5698
5699
57
570
5700
5701
5702
5703
5705
5706
5707
5708
5709
5710
5711
5712
5713
5714
5715
5716
5717
5718
5719
572
5720
5721
5722
5723
5724
5725
5726
5727
5728
5729
573
5730
5731
5732
5733
5734
5735
5736
5737
5738
5739
574
5740
5741
5742
5743
5744
5745
5746
5747
5748
5749
575
5750
5751
5752
5753
5754
5755
5756
5757
5759
576
5760
5761
5762
5764
5765
5766
5767
5768
5769
577
5770
5772
5773
5774
5777
5778
5779
578
5780
5781
5782
5783
5784
5785
5786
5787
5788
5789
579
5790
5791
5792
5793
5794
5795
5796
5797
5798
5799
58
580
5800
5801
5802
5803
5805
5806
5807
5808
5809
581
5810
5812
5813
5814
5815
5816
5817
5818
5819
582
5820
5821
5822
5823
5824
5825
5826
5827
5828
5829
583
5830
5831
5832
5833
5834
5835
5837
5840
5841
5842
5843
5845
5846
5847
5848
5849
585
5850
5851
5852
5853
5854
5857
5858
5859
586
5860
5861
5862
5863
5864
5865
5866
5867
5868
5869
587
5870
5871
5872
5873
5874
5875
5876
5877
5879
588
5880
5881
5882
5883
5884
5885
5886
5887
5888
5889
589
5890
5891
5892
5893
5894
5895
5897
5898
5899
59
590
5901
5902
5903
5904
5905
5906
5907
5908
5909
591
5910
5911
5912
5913
5914
5915
5916
5917
5918
5919
592
5920
5921
5922
5923
5924
5925
5926
5928
5929
593
5930
5931
5932
5933
5934
5935
5936
5937
5938
5939
594
5940
5941
5942
5943
5944
5945
5946
5947
5948
595
5950
5951
5952
5954
5955
5956
5957
5958
5959
596
5960
5961
5963
5964
5965
5966
5967
5968
5969
597
5970
5971
5972
5973
5975
5977
5978
5979
598
5981
5983
5984
5985
5986
5987
5988
5989
599
5990
5991
5992
5994
5995
5996
5997
6
60
600
6000
6001
6002
6003
6004
6006
6007
6008
6009
601
6010
6011
6012
6013
6014
6015
6016
6017
6018
6019
602
6020
6021
6022
6023
6024
6026
6027
6028
603
6030
6031
6032
6033
6034
6035
6037
6038
6039
604
6040
6041
6043
6044
6045
6046
6047
6049
605
6050
6051
6052
6053
6054
6055
6056
6057
6059
6060
6061
6062
6063
6064
6065
6066
6067
6068
6069
607
6070
6071
6072
6073
6074
6075
6076
6077
6079
608
6080
6082
6083
6086
6087
6088
6089
609
6090
6091
6092
6093
6094
6095
6096
6097
6098
61
6100
6101
6102
6103
6105
6106
6107
6108
6109
611
6111
6112
6113
6114
6115
6116
6117
6118
6119
612
6120
6121
6122
6123
6124
6125
6127
6129
613
6130
6131
6132
6133
6134
6135
6136
6137
6138
6139
6140
6141
6142
6143
6144
6146
6147
615
6150
6151
6152
6153
6154
6155
6156
6157
6158
6159
616
6160
6161
6162
6163
6164
6165
6166
6167
6168
6169
617
6171
6172
6173
6174
6175
6176
6177
6178
618
6180
6181
6182
6183
6184
6185
6186
6187
6188
6189
619
6190
6191
6192
6193
6194
6195
6196
6197
6198
6199
62
620
6200
6201
6202
6203
6204
6206
6207
6208
6209
621
6211
6212
6213
6214
6215
6216
6217
6218
6219
622
6221
6222
6223
6224
6225
6226
6227
6228
6229
623
6230
6232
6233
6234
6235
6236
6237
6238
6239
624
6240
6241
6242
6243
6244
6245
6246
6247
6248
6249
625
6250
6251
6252
6253
6254
6256
6257
6258
6259
626
6260
6261
6262
6263
6264
6265
6266
6267
6268
6269
6270
6271
6272
6274
6275
6276
6277
6279
628
6280
6281
6282
6283
6284
6285
6286
6287
6288
6289
629
6290
6291
6294
6295
6296
6297
6298
6299
63
630
6301
6302
6303
6304
6305
6306
6307
6308
6309
631
6310
6311
6312
6313
6315
6316
6317
6318
6319
632
6320
6321
6322
6323
6324
6325
6326
6327
6328
6329
633
6330
6331
6332
6333
6334
6335
6336
6337
6338
6339
634
6340
6341
6342
6343
6344
6345
6346
6348
6349
635
6350
6351
6352
6353
6354
6355
6356
6358
6359
636
6360
6361
6362
6363
6364
6365
6366
637
638
639
64
640
641
643
644
645
646
647
648
649
65
650
651
653
654
655
657
658
659
66
660
661
662
663
664
665
667
668
669
67
670
671
672
673
674
675
676
677
678
679
68
680
681
682
684
685
686
687
688
689
69
690
691
692
693
694
695
696
697
699
7
70
700
701
703
704
705
706
707
708
709
71
710
711
714
715
717
718
719
72
720
721
722
723
724
725
726
727
728
729
73
730
731
732
733
734
735
736
737
738
739
74
740
741
742
743
744
745
746
747
748
749
75
751
752
753
754
755
756
757
758
759
76
760
761
762
763
764
765
766
767
768
769
770
771
772
774
775
776
777
78
781
782
785
786
787
788
789
790
791
792
794
795
796
797
798
799
8
80
801
802
803
804
805
806
807
808
809
81
810
811
812
813
814
815
817
818
819
82
820
822
823
824
825
826
827
828
829
83
830
831
832
833
834
835
836
837
838
839
84
840
841
842
844
845
846
847
849
85
851
852
853
854
855
856
857
858
859
86
860
861
862
863
864
865
867
868
869
87
870
871
872
873
874
875
876
877
878
879
88
880
882
883
884
885
886
887
888
889
89
891
892
893
895
896
897
898
899
9
90
900
901
903
904
905
906
907
908
909
91
910
911
912
913
914
917
918
919
92
920
921
922
923
924
925
926
927
929
93
930
931
932
933
934
935
936
937
938
939
94
940
941
942
943
944
945
946
947
948
949
95
950
952
953
954
955
956
957
958
959
96
960
961
962
964
965
966
968
969
97
970
971
972
973
974
975
976
977
978
979
98
980
981
982
983
984
986
987
988
989
99
990
991
992
993
994
995
996
997
998
999
